band_hz,n_delays,r_field,r_sensor,ridge,sensor_basis,rank_bound,nmse_val,nmse_test,seconds
30.0,1,2,,0.0001,pod,12,0.8342486602492876,nan,3.0397236347198486
30.0,1,2,,0.0001,pls,12,0.8342486602492873,nan,1.8063876628875732
30.0,1,2,,0.001,pod,12,0.8343244542778531,nan,1.7666831016540527
30.0,1,2,,0.001,pls,12,0.8343244542778528,nan,1.8496301174163818
30.0,1,2,,0.01,pod,12,0.8357341306512399,nan,1.8302886486053467
30.0,1,2,,0.01,pls,12,0.8357341306512396,nan,1.8081002235412598
30.0,1,4,,0.0001,pod,12,0.8278699334511306,nan,1.9119341373443604
30.0,1,4,,0.0001,pls,12,0.8278699334511302,nan,1.8084759712219238
30.0,1,4,,0.001,pod,12,0.827996131968754,nan,1.8045084476470947
30.0,1,4,,0.001,pls,12,0.8279961319687539,nan,1.806239128112793
30.0,1,4,,0.01,pod,12,0.8299632688625571,nan,1.8401069641113281
30.0,1,4,,0.01,pls,12,0.8299632688625571,nan,1.877441167831421
30.0,1,8,,0.0001,pod,12,0.8260273436258447,nan,1.9869720935821533
30.0,1,8,,0.0001,pls,12,0.8260273436258444,nan,1.9570722579956055
30.0,1,8,,0.001,pod,12,0.8260781644588566,nan,1.837393045425415
30.0,1,8,,0.001,pls,12,0.8260781644588563,nan,1.924020767211914
30.0,1,8,,0.01,pod,12,0.8277336756065423,nan,1.9314978122711182
30.0,1,8,,0.01,pls,12,0.8277336756065421,nan,1.9191360473632812
30.0,1,16,,0.0001,pod,12,0.8252000492757976,nan,2.0457406044006348
30.0,1,16,,0.0001,pls,12,0.8252000492757974,nan,1.9909405708312988
30.0,1,16,,0.001,pod,12,0.825236916805228,nan,1.949296474456787
30.0,1,16,,0.001,pls,12,0.8252369168052278,nan,2.017293930053711
30.0,1,16,,0.01,pod,12,0.8268486433270629,nan,2.0764832496643066
30.0,1,16,,0.01,pls,12,0.8268486433270625,nan,2.0249178409576416
30.0,1,32,,0.0001,pod,12,0.8254256913977402,nan,2.3290116786956787
30.0,1,32,,0.0001,pls,12,0.8254256913977401,nan,2.3055148124694824
30.0,1,32,,0.001,pod,12,0.8254581727097693,nan,2.2992358207702637
30.0,1,32,,0.001,pls,12,0.8254581727097693,nan,2.376025438308716
30.0,1,32,,0.01,pod,12,0.8270491194402986,nan,2.3890185356140137
30.0,1,32,,0.01,pls,12,0.8270491194402985,nan,2.327622652053833
30.0,1,64,,0.0001,pod,12,0.825620833967188,nan,2.9583802223205566
30.0,1,64,,0.0001,pls,12,0.8256208339671879,nan,2.9435765743255615
30.0,1,64,,0.001,pod,12,0.8256491088589252,nan,2.95367693901062
30.0,1,64,,0.001,pls,12,0.8256491088589251,nan,3.0670838356018066
30.0,1,64,,0.01,pod,12,0.8272161389233739,nan,2.8811283111572266
30.0,1,64,,0.01,pls,12,0.8272161389233739,nan,3.0316638946533203
30.0,1,128,,0.0001,pod,12,0.8259550354239332,nan,4.456169843673706
30.0,1,128,,0.0001,pls,12,0.8259550354239329,nan,4.379494905471802
30.0,1,128,,0.001,pod,12,0.8259780951539658,nan,4.426445245742798
30.0,1,128,,0.001,pls,12,0.8259780951539655,nan,4.48495888710022
30.0,1,128,,0.01,pod,12,0.8275130397891187,nan,4.461102485656738
30.0,1,128,,0.01,pls,12,0.8275130397891185,nan,4.389843463897705
30.0,5,2,,0.0001,pod,60,0.6482395844724979,nan,1.7586772441864014
30.0,5,2,,0.0001,pls,60,0.6482395844724979,nan,1.7292757034301758
30.0,5,2,,0.001,pod,60,0.6525012213008529,nan,1.8096349239349365
30.0,5,2,,0.001,pls,60,0.6525012213008529,nan,1.8518180847167969
30.0,5,2,,0.01,pod,60,0.6642148175662814,nan,1.8875148296356201
30.0,5,2,,0.01,pls,60,0.6642148175662812,nan,1.8932950496673584
30.0,5,2,25,0.0001,pod,60,0.6772955120102104,nan,1.7380931377410889
30.0,5,2,25,0.0001,pls,60,0.6771565330411393,nan,1.8095719814300537
30.0,5,2,25,0.001,pod,60,0.6773206470316492,nan,1.8006742000579834
30.0,5,2,25,0.001,pls,60,0.6771817147163399,nan,1.803410291671753
30.0,5,2,25,0.01,pod,60,0.6776284690185106,nan,1.7759604454040527
30.0,5,2,25,0.01,pls,60,0.6774901834510384,nan,1.7555525302886963
30.0,5,4,,0.0001,pod,60,0.6249066192010296,nan,1.7713432312011719
30.0,5,4,,0.0001,pls,60,0.6249066192010296,nan,1.8565797805786133
30.0,5,4,,0.001,pod,60,0.6304563568008439,nan,1.9077088832855225
30.0,5,4,,0.001,pls,60,0.6304563568008439,nan,1.9516139030456543
30.0,5,4,,0.01,pod,60,0.6464602454903591,nan,1.794848918914795
30.0,5,4,,0.01,pls,60,0.6464602454903589,nan,1.8627827167510986
30.0,5,4,25,0.0001,pod,60,0.6698886789420606,nan,1.8937690258026123
30.0,5,4,25,0.0001,pls,60,0.665700999440357,nan,1.852454423904419
30.0,5,4,25,0.001,pod,60,0.6699297579196025,nan,1.8726000785827637
30.0,5,4,25,0.001,pls,60,0.6657965275578961,nan,1.826237440109253
30.0,5,4,25,0.01,pod,60,0.6704021574582074,nan,1.795680284500122
30.0,5,4,25,0.01,pls,60,0.6668130197124776,nan,1.7819805145263672
30.0,5,8,,0.0001,pod,60,0.6148133712257327,nan,2.000030755996704
30.0,5,8,,0.0001,pls,60,0.6148133712257327,nan,1.9726595878601074
30.0,5,8,,0.001,pod,60,0.6211028440484284,nan,1.953249454498291
30.0,5,8,,0.001,pls,60,0.6211028440484284,nan,1.8972373008728027
30.0,5,8,,0.01,pod,60,0.6384598941329386,nan,2.0111796855926514
30.0,5,8,,0.01,pls,60,0.6384598941329385,nan,1.955489158630371
30.0,5,8,25,0.0001,pod,60,0.6679108143496323,nan,1.9155356884002686
30.0,5,8,25,0.0001,pls,60,0.6626191314780517,nan,1.931962251663208
30.0,5,8,25,0.001,pod,60,0.6679441251995245,nan,1.883063554763794
30.0,5,8,25,0.001,pls,60,0.6626681645084909,nan,1.8220603466033936
30.0,5,8,25,0.01,pod,60,0.6683656309711954,nan,1.8620002269744873
30.0,5,8,25,0.01,pls,60,0.6634738357548491,nan,1.8669626712799072
30.0,5,16,,0.0001,pod,60,0.6126153325340563,nan,2.0965349674224854
30.0,5,16,,0.0001,pls,60,0.6126153325340566,nan,2.190572738647461
30.0,5,16,,0.001,pod,60,0.6189606148573498,nan,2.106144428253174
30.0,5,16,,0.001,pls,60,0.6189606148573499,nan,2.038393259048462
30.0,5,16,,0.01,pod,60,0.6364793741310191,nan,2.069196939468384
30.0,5,16,,0.01,pls,60,0.6364793741310191,nan,2.0619192123413086
30.0,5,16,25,0.0001,pod,60,0.6668836322955967,nan,2.0231449604034424
30.0,5,16,25,0.0001,pls,60,0.6571271687913189,nan,1.9827306270599365
30.0,5,16,25,0.001,pod,60,0.6669101823126509,nan,1.992701530456543
30.0,5,16,25,0.001,pls,60,0.6571406850534778,nan,2.086400032043457
30.0,5,16,25,0.01,pod,60,0.6672827911452336,nan,2.1042096614837646
30.0,5,16,25,0.01,pls,60,0.6586409398520413,nan,2.134894371032715
30.0,5,32,,0.0001,pod,60,0.6128576909341384,nan,2.345693349838257
30.0,5,32,,0.0001,pls,60,0.6128576909341386,nan,2.3630998134613037
30.0,5,32,,0.001,pod,60,0.6191149923861086,nan,2.3086023330688477
30.0,5,32,,0.001,pls,60,0.6191149923861087,nan,2.3425943851470947
30.0,5,32,,0.01,pod,60,0.6366162242637371,nan,2.274906873703003
30.0,5,32,,0.01,pls,60,0.6366162242637371,nan,2.306574821472168
30.0,5,32,25,0.0001,pod,60,0.6673480147115535,nan,2.3796768188476562
30.0,5,32,25,0.0001,pls,60,0.6433856484036329,nan,2.341306447982788
30.0,5,32,25,0.001,pod,60,0.6673668414376747,nan,2.2695162296295166
30.0,5,32,25,0.001,pls,60,0.6439088688382378,nan,2.330747365951538
30.0,5,32,25,0.01,pod,60,0.6676750479866135,nan,2.31723952293396
30.0,5,32,25,0.01,pls,60,0.6508641250678193,nan,2.2909746170043945
30.0,5,64,,0.0001,pod,60,0.6135085535505895,nan,2.929975986480713
30.0,5,64,,0.0001,pls,60,0.6135085535505899,nan,3.0340635776519775
30.0,5,64,,0.001,pod,60,0.6196064147215525,nan,3.073044776916504
30.0,5,64,,0.001,pls,60,0.6196064147215525,nan,2.949995994567871
30.0,5,64,,0.01,pod,60,0.6369778384761074,nan,3.0213749408721924
30.0,5,64,,0.01,pls,60,0.6369778384761073,nan,2.966547727584839
30.0,5,64,25,0.0001,pod,60,0.6677532291964723,nan,2.931488037109375
30.0,5,64,25,0.0001,pls,60,0.6435585565445562,nan,2.9468603134155273
30.0,5,64,25,0.001,pod,60,0.6677671545880265,nan,3.0905814170837402
30.0,5,64,25,0.001,pls,60,0.6441823739131156,nan,2.969846248626709
30.0,5,64,25,0.01,pod,60,0.6680348779277965,nan,2.979929208755493
30.0,5,64,25,0.01,pls,60,0.6509660113405726,nan,2.963340997695923
30.0,5,128,,0.0001,pod,60,0.6145759155230861,nan,4.407280206680298
30.0,5,128,,0.0001,pls,60,0.6145759155230864,nan,4.317973613739014
30.0,5,128,,0.001,pod,60,0.6204412828611264,nan,4.466006278991699
30.0,5,128,,0.001,pls,60,0.6204412828611268,nan,4.5057220458984375
30.0,5,128,,0.01,pod,60,0.6376134170147679,nan,4.501307249069214
30.0,5,128,,0.01,pls,60,0.6376134170147679,nan,4.435168504714966
30.0,5,128,25,0.0001,pod,60,0.6683340058351015,nan,4.406722545623779
30.0,5,128,25,0.0001,pls,60,0.6435503464559204,nan,4.5865161418914795
30.0,5,128,25,0.001,pod,60,0.6683436906648735,nan,4.475534439086914
30.0,5,128,25,0.001,pls,60,0.6441598753262213,nan,4.471789836883545
30.0,5,128,25,0.01,pod,60,0.6685759483947115,nan,4.468578815460205
30.0,5,128,25,0.01,pls,60,0.6510903432728026,nan,4.368480443954468
30.0,10,2,,0.0001,pod,120,0.6284513148255646,nan,1.9268548488616943
30.0,10,2,,0.0001,pls,120,0.6284513148255646,nan,1.8456130027770996
30.0,10,2,,0.001,pod,120,0.6299716937300681,nan,1.9038665294647217
30.0,10,2,,0.001,pls,120,0.6299716937300681,nan,1.8952820301055908
30.0,10,2,,0.01,pod,120,0.6346657613410066,nan,1.900871992111206
30.0,10,2,,0.01,pls,120,0.6346657613410065,nan,1.922285795211792
30.0,10,2,25,0.0001,pod,120,0.6560416792594833,nan,1.9371085166931152
30.0,10,2,25,0.0001,pls,120,0.6554057118041606,nan,1.8786945343017578
30.0,10,2,25,0.001,pod,120,0.6560727757669607,nan,1.856980323791504
30.0,10,2,25,0.001,pls,120,0.6554369101179548,nan,1.808053970336914
30.0,10,2,25,0.01,pod,120,0.6565390311727095,nan,1.8164713382720947
30.0,10,2,25,0.01,pls,120,0.6559053223826662,nan,1.8323485851287842
30.0,10,2,100,0.0001,pod,120,0.628447704768597,nan,1.8766100406646729
30.0,10,2,100,0.0001,pls,120,0.6284468015659863,nan,1.9587547779083252
30.0,10,2,100,0.001,pod,120,0.6302235694809687,nan,1.8190302848815918
30.0,10,2,100,0.001,pls,120,0.6302231962851095,nan,1.853219985961914
30.0,10,2,100,0.01,pod,120,0.635182362221322,nan,1.8539440631866455
30.0,10,2,100,0.01,pls,120,0.6351822553611156,nan,1.855851173400879
30.0,10,4,,0.0001,pod,120,0.6010539014740691,nan,1.8843793869018555
30.0,10,4,,0.0001,pls,120,0.6010539014740691,nan,1.8640851974487305
30.0,10,4,,0.001,pod,120,0.603367827658855,nan,1.8391344547271729
30.0,10,4,,0.001,pls,120,0.603367827658855,nan,1.9753637313842773
30.0,10,4,,0.01,pod,120,0.6106893966855134,nan,1.9865922927856445
30.0,10,4,,0.01,pls,120,0.6106893966855134,nan,2.025341510772705
30.0,10,4,25,0.0001,pod,120,0.6389439887143741,nan,1.9045922756195068
30.0,10,4,25,0.0001,pls,120,0.6373946927848827,nan,1.9231855869293213
30.0,10,4,25,0.001,pod,120,0.6389923384251969,nan,1.90256667137146
30.0,10,4,25,0.001,pls,120,0.6374390451229841,nan,1.9422078132629395
30.0,10,4,25,0.01,pod,120,0.6396882057988069,nan,1.8811681270599365
30.0,10,4,25,0.01,pls,120,0.6381193198388113,nan,1.856611967086792
30.0,10,4,100,0.0001,pod,120,0.6010728413709719,nan,1.8253998756408691
30.0,10,4,100,0.0001,pls,120,0.6010705453982638,nan,1.9679791927337646
30.0,10,4,100,0.001,pod,120,0.6037553727575967,nan,1.9985623359680176
30.0,10,4,100,0.001,pls,120,0.6037545061097224,nan,2.0145936012268066
30.0,10,4,100,0.01,pod,120,0.6114935709928853,nan,1.8630015850067139
30.0,10,4,100,0.01,pls,120,0.6114934072606022,nan,1.9344112873077393
30.0,10,8,,0.0001,pod,120,0.5870483925950492,nan,2.0072174072265625
30.0,10,8,,0.0001,pls,120,0.5870483925950493,nan,1.997910976409912
30.0,10,8,,0.001,pod,120,0.5901049108738134,nan,1.9815082550048828
30.0,10,8,,0.001,pls,120,0.5901049108738133,nan,1.9481468200683594
30.0,10,8,,0.01,pod,120,0.59935021977106,nan,1.9457929134368896
30.0,10,8,,0.01,pls,120,0.59935021977106,nan,2.085554838180542
30.0,10,8,25,0.0001,pod,120,0.6338980604813462,nan,2.0236263275146484
30.0,10,8,25,0.0001,pls,120,0.6289384060977589,nan,2.0603344440460205
30.0,10,8,25,0.001,pod,120,0.6339361520353053,nan,1.9515771865844727
30.0,10,8,25,0.001,pls,120,0.6289803597728517,nan,1.985485315322876
30.0,10,8,25,0.01,pod,120,0.6345644009721376,nan,2.0108442306518555
30.0,10,8,25,0.01,pls,120,0.6297531594840362,nan,1.986952543258667
30.0,10,8,100,0.0001,pod,120,0.5871547941150803,nan,1.969721794128418
30.0,10,8,100,0.0001,pls,120,0.5871488820714538,nan,1.908376932144165
30.0,10,8,100,0.001,pod,120,0.5906053753789167,nan,1.8896839618682861
30.0,10,8,100,0.001,pls,120,0.590602152377972,nan,1.9404070377349854
30.0,10,8,100,0.01,pod,120,0.6003728482636896,nan,1.9811110496520996
30.0,10,8,100,0.01,pls,120,0.6003719389540553,nan,2.0454182624816895
30.0,10,16,,0.0001,pod,120,0.5853407320851001,nan,2.198784589767456
30.0,10,16,,0.0001,pls,120,0.5853407320851001,nan,2.0904712677001953
30.0,10,16,,0.001,pod,120,0.5879860653767061,nan,2.1431808471679688
30.0,10,16,,0.001,pls,120,0.5879860653767061,nan,2.1320366859436035
30.0,10,16,,0.01,pod,120,0.5970547882909215,nan,2.124445915222168
30.0,10,16,,0.01,pls,120,0.5970547882909214,nan,2.049834728240967
30.0,10,16,25,0.0001,pod,120,0.6331342893564383,nan,2.025158643722534
30.0,10,16,25,0.0001,pls,120,0.628592026460858,nan,2.1572916507720947
30.0,10,16,25,0.001,pod,120,0.6331617835619056,nan,2.1060421466827393
30.0,10,16,25,0.001,pls,120,0.628616695331478,nan,2.146244525909424
30.0,10,16,25,0.01,pod,120,0.6337043019896772,nan,2.0237603187561035
30.0,10,16,25,0.01,pls,120,0.6292894848614786,nan,2.1497788429260254
30.0,10,16,100,0.0001,pod,120,0.5854569066290162,nan,2.1613149642944336
30.0,10,16,100,0.0001,pls,120,0.5854789354230593,nan,2.1215767860412598
30.0,10,16,100,0.001,pod,120,0.5884560830720726,nan,2.1306018829345703
30.0,10,16,100,0.001,pls,120,0.5884556513281555,nan,2.0843234062194824
30.0,10,16,100,0.01,pod,120,0.5981041103132924,nan,2.0639336109161377
30.0,10,16,100,0.01,pls,120,0.5981032758861862,nan,2.0497703552246094
30.0,10,32,,0.0001,pod,120,0.5858975827288309,nan,2.3806605339050293
30.0,10,32,,0.0001,pls,120,0.5858975827288307,nan,2.477771759033203
30.0,10,32,,0.001,pod,120,0.5880621641850596,nan,2.371636390686035
30.0,10,32,,0.001,pls,120,0.5880621641850595,nan,2.458491563796997
30.0,10,32,,0.01,pod,120,0.5968905403869423,nan,2.393915891647339
30.0,10,32,,0.01,pls,120,0.5968905403869422,nan,2.450359582901001
30.0,10,32,25,0.0001,pod,120,0.6334108147039832,nan,2.4078097343444824
30.0,10,32,25,0.0001,pls,120,0.6243909152100354,nan,2.2895078659057617
30.0,10,32,25,0.001,pod,120,0.6334308366778526,nan,2.346843719482422
30.0,10,32,25,0.001,pls,120,0.6242872975059811,nan,2.208686590194702
30.0,10,32,25,0.01,pod,120,0.6339104768732979,nan,2.4407010078430176
30.0,10,32,25,0.01,pls,120,0.6251785786427819,nan,2.3959801197052
30.0,10,32,100,0.0001,pod,120,0.5859719893641704,nan,2.3209805488586426
30.0,10,32,100,0.0001,pls,120,0.5863200172571841,nan,2.394522190093994
30.0,10,32,100,0.001,pod,120,0.5884978120235859,nan,2.376286029815674
30.0,10,32,100,0.001,pls,120,0.5885581261443069,nan,2.3540327548980713
30.0,10,32,100,0.01,pod,120,0.5979361484451475,nan,2.3355278968811035
30.0,10,32,100,0.01,pls,120,0.5979412223180077,nan,2.3137669563293457
30.0,10,64,,0.0001,pod,120,0.5874379889536385,nan,3.1132991313934326
30.0,10,64,,0.0001,pls,120,0.5874379889536385,nan,3.1558544635772705
30.0,10,64,,0.001,pod,120,0.5891160487374097,nan,3.0276148319244385
30.0,10,64,,0.001,pls,120,0.5891160487374097,nan,3.1050407886505127
30.0,10,64,,0.01,pod,120,0.5975277906087862,nan,3.0685513019561768
30.0,10,64,,0.01,pls,120,0.5975277906087861,nan,3.0644173622131348
30.0,10,64,25,0.0001,pod,120,0.6339733251939509,nan,3.013659954071045
30.0,10,64,25,0.0001,pls,120,0.6178410545573182,nan,2.9411964416503906
30.0,10,64,25,0.001,pod,120,0.6339851209994483,nan,3.1194512844085693
30.0,10,64,25,0.001,pls,120,0.6177198571656425,nan,2.9608211517333984
30.0,10,64,25,0.01,pod,120,0.6343936152844457,nan,3.0195586681365967
30.0,10,64,25,0.01,pls,120,0.619145073981783,nan,2.9835736751556396
30.0,10,64,100,0.0001,pod,120,0.5874733312528518,nan,2.9732437133789062
30.0,10,64,100,0.0001,pls,120,0.5877999980582609,nan,2.979130268096924
30.0,10,64,100,0.001,pod,120,0.58950895020422,nan,3.1970162391662598
30.0,10,64,100,0.001,pls,120,0.589590295186203,nan,3.3405191898345947
30.0,10,64,100,0.01,pod,120,0.5985510250070494,nan,3.3293137550354004
30.0,10,64,100,0.01,pls,120,0.5985583136157321,nan,3.364675760269165
30.0,10,128,,0.0001,pod,120,0.5894579075208718,nan,4.8896002769470215
30.0,10,128,,0.0001,pls,120,0.5894579075208719,nan,4.945536851882935
30.0,10,128,,0.001,pod,120,0.5906416686359575,nan,4.932743072509766
30.0,10,128,,0.001,pls,120,0.5906416686359575,nan,4.88810920715332
30.0,10,128,,0.01,pod,120,0.5986085385275209,nan,4.860109329223633
30.0,10,128,,0.01,pls,120,0.5986085385275209,nan,4.954264163970947
30.0,10,128,25,0.0001,pod,120,0.6347690364683501,nan,5.04096794128418
30.0,10,128,25,0.0001,pls,120,0.6186685519906133,nan,5.013585567474365
30.0,10,128,25,0.001,pod,120,0.6347738893436777,nan,5.112359285354614
30.0,10,128,25,0.001,pls,120,0.6185547135804372,nan,4.881756067276001
30.0,10,128,25,0.01,pod,120,0.635121877999036,nan,5.122879981994629
30.0,10,128,25,0.01,pls,120,0.6199640175357723,nan,4.872686862945557
30.0,10,128,100,0.0001,pod,120,0.5894525085520302,nan,4.914184808731079
30.0,10,128,100,0.0001,pls,120,0.5895800886758054,nan,4.735551118850708
30.0,10,128,100,0.001,pod,120,0.590990151798691,nan,4.969915390014648
30.0,10,128,100,0.001,pls,120,0.5910467902456205,nan,4.79981255531311
30.0,10,128,100,0.01,pod,120,0.5996051876765744,nan,4.8811914920806885
30.0,10,128,100,0.01,pls,120,0.5996594355591934,nan,4.678452253341675
30.0,25,2,,0.0001,pod,300,0.6284344520885276,nan,2.4357714653015137
30.0,25,2,,0.0001,pls,300,0.6284344520885273,nan,2.517754077911377
30.0,25,2,,0.001,pod,300,0.6301115052765445,nan,2.2656350135803223
30.0,25,2,,0.001,pls,300,0.6301115052765445,nan,2.3352396488189697
30.0,25,2,,0.01,pod,300,0.6339126780326072,nan,2.3158724308013916
30.0,25,2,,0.01,pls,300,0.6339126780326072,nan,2.3464176654815674
30.0,25,2,25,0.0001,pod,300,0.6535543957414867,nan,2.230621576309204
30.0,25,2,25,0.0001,pls,300,0.6512183480595887,nan,2.2738447189331055
30.0,25,2,25,0.001,pod,300,0.6536386172674784,nan,2.391982316970825
30.0,25,2,25,0.001,pls,300,0.6513015265487037,nan,2.468440055847168
30.0,25,2,25,0.01,pod,300,0.6546355593330331,nan,2.3364064693450928
30.0,25,2,25,0.01,pls,300,0.6523012731005651,nan,2.232224702835083
30.0,25,2,100,0.0001,pod,300,0.6401081847260682,nan,2.330268144607544
30.0,25,2,100,0.0001,pls,300,0.6399803463953068,nan,2.3138046264648438
30.0,25,2,100,0.001,pod,300,0.6400789604075598,nan,2.2757771015167236
30.0,25,2,100,0.001,pls,300,0.6399493035058667,nan,2.2673468589782715
30.0,25,2,100,0.01,pod,300,0.6401781055061171,nan,2.218128204345703
30.0,25,2,100,0.01,pls,300,0.6400429069440025,nan,2.3953845500946045
30.0,25,4,,0.0001,pod,300,0.6064244091737837,nan,2.540447235107422
30.0,25,4,,0.0001,pls,300,0.6064244091737837,nan,2.273831844329834
30.0,25,4,,0.001,pod,300,0.6060827364967829,nan,2.40008282661438
30.0,25,4,,0.001,pls,300,0.6060827364967828,nan,2.414950370788574
30.0,25,4,,0.01,pod,300,0.6096830314500761,nan,2.385934829711914
30.0,25,4,,0.01,pls,300,0.6096830314500761,nan,2.3621103763580322
30.0,25,4,25,0.0001,pod,300,0.6423778129668073,nan,2.247361421585083
30.0,25,4,25,0.0001,pls,300,0.6315394521384228,nan,2.7442424297332764
30.0,25,4,25,0.001,pod,300,0.6424733652706339,nan,3.008568525314331
30.0,25,4,25,0.001,pls,300,0.6316583666528579,nan,2.7971811294555664
30.0,25,4,25,0.01,pod,300,0.6436208451831148,nan,2.907036781311035
30.0,25,4,25,0.01,pls,300,0.6331354974360733,nan,2.981731653213501
30.0,25,4,100,0.0001,pod,300,0.6207982609162034,nan,2.857567310333252
30.0,25,4,100,0.0001,pls,300,0.6199637529664396,nan,2.7046782970428467
30.0,25,4,100,0.001,pod,300,0.620698869265099,nan,2.705019235610962
30.0,25,4,100,0.001,pls,300,0.6198460381055313,nan,2.996800422668457
30.0,25,4,100,0.01,pod,300,0.6204608845857733,nan,2.982208728790283
30.0,25,4,100,0.01,pls,300,0.6195582141314199,nan,3.147488594055176
30.0,25,8,,0.0001,pod,300,0.5952564570018174,nan,2.8829920291900635
30.0,25,8,,0.0001,pls,300,0.5952564570018173,nan,3.074556827545166
30.0,25,8,,0.001,pod,300,0.5936452408413794,nan,3.1102285385131836
30.0,25,8,,0.001,pls,300,0.5936452408413794,nan,3.095998764038086
30.0,25,8,,0.01,pod,300,0.597483060502511,nan,2.7979702949523926
30.0,25,8,,0.01,pls,300,0.597483060502511,nan,2.6073105335235596
30.0,25,8,25,0.0001,pod,300,0.6362934718204797,nan,3.014782190322876
30.0,25,8,25,0.0001,pls,300,0.6249608758116593,nan,3.124786615371704
30.0,25,8,25,0.001,pod,300,0.6363760800539494,nan,2.8244192600250244
30.0,25,8,25,0.001,pls,300,0.6249721759649044,nan,3.021850824356079
30.0,25,8,25,0.01,pod,300,0.6374359227451686,nan,2.848086357116699
30.0,25,8,25,0.01,pls,300,0.6257583392260665,nan,3.016049861907959
30.0,25,8,100,0.0001,pod,300,0.6115498645554464,nan,2.7105796337127686
30.0,25,8,100,0.0001,pls,300,0.6085268205303885,nan,2.687347888946533
30.0,25,8,100,0.001,pod,300,0.6114187312146587,nan,3.005225419998169
30.0,25,8,100,0.001,pls,300,0.6083051430471367,nan,3.1796441078186035
30.0,25,8,100,0.01,pod,300,0.6110528469334673,nan,3.0558485984802246
30.0,25,8,100,0.01,pls,300,0.6079440116725843,nan,2.7326550483703613
30.0,25,16,,0.0001,pod,300,0.5947932109663233,nan,3.142547845840454
30.0,25,16,,0.0001,pls,300,0.5947932109663231,nan,3.0619797706604004
30.0,25,16,,0.001,pod,300,0.5923707480328442,nan,2.9035181999206543
30.0,25,16,,0.001,pls,300,0.5923707480328442,nan,2.9066336154937744
30.0,25,16,,0.01,pod,300,0.5957534740135055,nan,3.0867154598236084
30.0,25,16,,0.01,pls,300,0.5957534740135055,nan,3.3165833950042725
30.0,25,16,25,0.0001,pod,300,0.635458328035428,nan,2.904629707336426
30.0,25,16,25,0.0001,pls,300,0.6218231011442141,nan,3.1033096313476562
30.0,25,16,25,0.001,pod,300,0.6355220675190713,nan,3.12178373336792
30.0,25,16,25,0.001,pls,300,0.6217146768388399,nan,3.0132596492767334
30.0,25,16,25,0.01,pod,300,0.6364267550324652,nan,2.9044196605682373
30.0,25,16,25,0.01,pls,300,0.6218181284667429,nan,2.964726686477661
30.0,25,16,100,0.0001,pod,300,0.6115454282697074,nan,3.2182881832122803
30.0,25,16,100,0.0001,pls,300,0.6079698741045478,nan,3.220508575439453
30.0,25,16,100,0.001,pod,300,0.611326957930648,nan,2.8676631450653076
30.0,25,16,100,0.001,pls,300,0.6077160349765491,nan,3.2587151527404785
30.0,25,16,100,0.01,pod,300,0.6103463110616724,nan,3.121393918991089
30.0,25,16,100,0.01,pls,300,0.6070702517162745,nan,3.0176565647125244
30.0,25,32,,0.0001,pod,300,0.5994191464501355,nan,3.222233295440674
30.0,25,32,,0.0001,pls,300,0.5994191464501353,nan,3.459341526031494
30.0,25,32,,0.001,pod,300,0.5953303935810478,nan,3.5916996002197266
30.0,25,32,,0.001,pls,300,0.5953303935810478,nan,3.2713868618011475
30.0,25,32,,0.01,pod,300,0.5974954754096669,nan,3.617990255355835
30.0,25,32,,0.01,pls,300,0.5974954754096667,nan,3.5351979732513428
30.0,25,32,25,0.0001,pod,300,0.6360321144257293,nan,3.4424428939819336
30.0,25,32,25,0.0001,pls,300,0.6201972210048049,nan,3.0148448944091797
30.0,25,32,25,0.001,pod,300,0.6360829011986471,nan,3.3004326820373535
30.0,25,32,25,0.001,pls,300,0.6200909352710439,nan,3.3013534545898438
30.0,25,32,25,0.01,pod,300,0.6368763952905374,nan,3.275841474533081
30.0,25,32,25,0.01,pls,300,0.6205084149759975,nan,2.8634355068206787
30.0,25,32,100,0.0001,pod,300,0.6135626897478584,nan,3.207573413848877
30.0,25,32,100,0.0001,pls,300,0.6051994324732113,nan,3.25477933883667
30.0,25,32,100,0.001,pod,300,0.6132717082310409,nan,3.5403873920440674
30.0,25,32,100,0.001,pls,300,0.6047322531188823,nan,3.3153159618377686
30.0,25,32,100,0.01,pod,300,0.6118049559622184,nan,2.8392391204833984
30.0,25,32,100,0.01,pls,300,0.6045297686680347,nan,3.47036075592041
30.0,25,64,,0.0001,pod,300,0.6039757716607793,nan,4.331265926361084
30.0,25,64,,0.0001,pls,300,0.6039757716607791,nan,3.963578701019287
30.0,25,64,,0.001,pod,300,0.5986599584367316,nan,4.1616973876953125
30.0,25,64,,0.001,pls,300,0.5986599584367314,nan,4.059190988540649
30.0,25,64,,0.01,pod,300,0.5996396540618927,nan,3.939364194869995
30.0,25,64,,0.01,pls,300,0.5996396540618927,nan,4.459409475326538
30.0,25,64,25,0.0001,pod,300,0.6368966715866323,nan,4.090019226074219
30.0,25,64,25,0.0001,pls,300,0.6187645390252857,nan,3.942803382873535
30.0,25,64,25,0.001,pod,300,0.6369367118089314,nan,4.333096504211426
30.0,25,64,25,0.001,pls,300,0.6186458752700682,nan,3.9419174194335938
30.0,25,64,25,0.01,pod,300,0.6376358749266805,nan,3.7730185985565186
30.0,25,64,25,0.01,pls,300,0.6189377248375365,nan,4.082502126693726
30.0,25,64,100,0.0001,pod,300,0.6155456991866484,nan,4.089221477508545
30.0,25,64,100,0.0001,pls,300,0.6068266846135123,nan,4.372514724731445
30.0,25,64,100,0.001,pod,300,0.6151958202743882,nan,4.352640628814697
30.0,25,64,100,0.001,pls,300,0.6054707750119575,nan,4.080962419509888
30.0,25,64,100,0.01,pod,300,0.6133408230855807,nan,4.00762677192688
30.0,25,64,100,0.01,pls,300,0.6052085358585625,nan,4.346354961395264
30.0,25,128,,0.0001,pod,300,0.6094074342861084,nan,5.879841327667236
30.0,25,128,,0.0001,pls,300,0.6094074342861082,nan,5.799457550048828
30.0,25,128,,0.001,pod,300,0.6027950990165842,nan,5.606498718261719
30.0,25,128,,0.001,pls,300,0.6027950990165842,nan,5.97462797164917
30.0,25,128,,0.01,pod,300,0.602485870598565,nan,5.786815404891968
30.0,25,128,,0.01,pls,300,0.602485870598565,nan,6.0219879150390625
30.0,25,128,25,0.0001,pod,300,0.6377133691802317,nan,5.566137075424194
30.0,25,128,25,0.0001,pls,300,0.6193878104349632,nan,5.675941228866577
30.0,25,128,25,0.001,pod,300,0.6377456335982234,nan,5.908095359802246
30.0,25,128,25,0.001,pls,300,0.6192457037705753,nan,5.9547600746154785
30.0,25,128,25,0.01,pod,300,0.6383765914871213,nan,5.704837799072266
30.0,25,128,25,0.01,pls,300,0.6193534809219483,nan,5.74151349067688
30.0,25,128,100,0.0001,pod,300,0.6182678808803646,nan,5.867756605148315
30.0,25,128,100,0.0001,pls,300,0.6112437216734482,nan,5.61564826965332
30.0,25,128,100,0.001,pod,300,0.6178479152562298,nan,5.645182132720947
30.0,25,128,100,0.001,pls,300,0.6050370637543908,nan,5.826878309249878
30.0,25,128,100,0.01,pod,300,0.6155187276833924,nan,5.868427991867065
30.0,25,128,100,0.01,pls,300,0.6051035276283815,nan,5.840114593505859
30.0,50,2,,0.0001,pod,600,0.6307410063445762,nan,3.080842971801758
30.0,50,2,,0.0001,pls,600,0.6307410063445761,nan,2.95770263671875
30.0,50,2,,0.001,pod,600,0.6302712227256242,nan,3.261049747467041
30.0,50,2,,0.001,pls,600,0.6302712227256244,nan,3.4499354362487793
30.0,50,2,,0.01,pod,600,0.6350651589332444,nan,3.1464080810546875
30.0,50,2,,0.01,pls,600,0.6350651589332444,nan,3.1658215522766113
30.0,50,2,25,0.0001,pod,600,0.6870547445410561,nan,3.29148268699646
30.0,50,2,25,0.0001,pls,600,0.6737961185047082,nan,3.344470262527466
30.0,50,2,25,0.001,pod,600,0.6871584912968618,nan,3.104506492614746
30.0,50,2,25,0.001,pls,600,0.6739255607213012,nan,3.048102378845215
30.0,50,2,25,0.01,pod,600,0.6884018434618935,nan,2.862107515335083
30.0,50,2,25,0.01,pls,600,0.6754620036509116,nan,3.1996240615844727
30.0,50,2,100,0.0001,pod,600,0.6500715928197476,nan,3.1350302696228027
30.0,50,2,100,0.0001,pls,600,0.6495903668577937,nan,3.0986502170562744
30.0,50,2,100,0.001,pod,600,0.6499997385405687,nan,3.2994778156280518
30.0,50,2,100,0.001,pls,600,0.6495157624956447,nan,3.320671796798706
30.0,50,2,100,0.01,pod,600,0.6497939120116208,nan,3.2366461753845215
30.0,50,2,100,0.01,pls,600,0.6492941402820318,nan,3.0376851558685303
30.0,50,4,,0.0001,pod,600,0.6166661181658045,nan,2.977616548538208
30.0,50,4,,0.0001,pls,600,0.6166661181658045,nan,3.37701678276062
30.0,50,4,,0.001,pod,600,0.6098712512889203,nan,3.3460474014282227
30.0,50,4,,0.001,pls,600,0.6098712512889203,nan,3.1420717239379883
30.0,50,4,,0.01,pod,600,0.6128831160306237,nan,3.435378074645996
30.0,50,4,,0.01,pls,600,0.612883116030624,nan,3.348342180252075
30.0,50,4,25,0.0001,pod,600,0.6854015857926156,nan,3.1039419174194336
30.0,50,4,25,0.0001,pls,600,0.6531738473180605,nan,2.952348232269287
30.0,50,4,25,0.001,pod,600,0.6854821211677651,nan,2.931633710861206
30.0,50,4,25,0.001,pls,600,0.653330054348137,nan,3.348839282989502
30.0,50,4,25,0.01,pod,600,0.6865307331250603,nan,3.268188238143921
30.0,50,4,25,0.01,pls,600,0.6554693483575381,nan,2.9276132583618164
30.0,50,4,100,0.0001,pod,600,0.6362848155799014,nan,3.1976051330566406
30.0,50,4,100,0.0001,pls,600,0.6336304588853043,nan,3.2413976192474365
30.0,50,4,100,0.001,pod,600,0.636146214271468,nan,3.0209927558898926
30.0,50,4,100,0.001,pls,600,0.6334959394726729,nan,2.9953272342681885
30.0,50,4,100,0.01,pod,600,0.6354997654750092,nan,3.2227611541748047
30.0,50,4,100,0.01,pls,600,0.6329394174614507,nan,3.3855607509613037
30.0,50,8,,0.0001,pod,600,0.6177918159517021,nan,3.1535754203796387
30.0,50,8,,0.0001,pls,600,0.6177918159517025,nan,3.323418617248535
30.0,50,8,,0.001,pod,600,0.6058090556560416,nan,3.288600444793701
30.0,50,8,,0.001,pls,600,0.6058090556560419,nan,3.1850056648254395
30.0,50,8,,0.01,pod,600,0.6068652429001884,nan,2.9909110069274902
30.0,50,8,,0.01,pls,600,0.6068652429001884,nan,3.261012315750122
30.0,50,8,25,0.0001,pod,600,0.683289967259781,nan,3.3483946323394775
30.0,50,8,25,0.0001,pls,600,0.6406887225135636,nan,3.0624499320983887
30.0,50,8,25,0.001,pod,600,0.6833534359891751,nan,3.20383358001709
30.0,50,8,25,0.001,pls,600,0.6407787137078325,nan,3.2067532539367676
30.0,50,8,25,0.01,pod,600,0.6842625551565141,nan,3.2095723152160645
30.0,50,8,25,0.01,pls,600,0.6428110110615001,nan,3.085505247116089
30.0,50,8,100,0.0001,pod,600,0.6337921671664808,nan,3.022542953491211
30.0,50,8,100,0.0001,pls,600,0.6311822971357309,nan,3.3473105430603027
30.0,50,8,100,0.001,pod,600,0.6335767786103641,nan,3.371546745300293
30.0,50,8,100,0.001,pls,600,0.6308821094979906,nan,2.8681998252868652
30.0,50,8,100,0.01,pod,600,0.6323043337758054,nan,3.135303258895874
30.0,50,8,100,0.01,pls,600,0.6291575774357345,nan,3.1818175315856934
30.0,50,16,,0.0001,pod,600,0.6249721778169632,nan,3.276963472366333
30.0,50,16,,0.0001,pls,600,0.6249721778169635,nan,3.304718017578125
30.0,50,16,,0.001,pod,600,0.6098401361902848,nan,3.543761730194092
30.0,50,16,,0.001,pls,600,0.609840136190285,nan,3.5057106018066406
30.0,50,16,,0.01,pod,600,0.6088461348707238,nan,3.486510753631592
30.0,50,16,,0.01,pls,600,0.6088461348707239,nan,3.693375825881958
30.0,50,16,25,0.0001,pod,600,0.6845580561895974,nan,3.584453821182251
30.0,50,16,25,0.0001,pls,600,0.6510068234512513,nan,3.353698253631592
30.0,50,16,25,0.001,pod,600,0.6845982853322284,nan,3.2751412391662598
30.0,50,16,25,0.001,pls,600,0.6509719010895415,nan,3.53946590423584
30.0,50,16,25,0.01,pod,600,0.6853017084924515,nan,3.619832992553711
30.0,50,16,25,0.01,pls,600,0.6522163090486284,nan,3.2960329055786133
30.0,50,16,100,0.0001,pod,600,0.6359307307151723,nan,3.6599950790405273
30.0,50,16,100,0.0001,pls,600,0.6319421785482193,nan,3.7865710258483887
30.0,50,16,100,0.001,pod,600,0.6356510156454768,nan,3.5025532245635986
30.0,50,16,100,0.001,pls,600,0.6315334216023372,nan,3.322978973388672
30.0,50,16,100,0.01,pod,600,0.6338557585820961,nan,3.328460931777954
30.0,50,16,100,0.01,pls,600,0.6291262956928708,nan,3.5404586791992188
30.0,50,32,,0.0001,pod,600,0.6348996912043543,nan,3.862962007522583
30.0,50,32,,0.0001,pls,600,0.6348996912043545,nan,3.4793567657470703
30.0,50,32,,0.001,pod,600,0.6166658658548345,nan,3.681865930557251
30.0,50,32,,0.001,pls,600,0.6166658658548347,nan,3.572218656539917
30.0,50,32,,0.01,pod,600,0.6135319970797142,nan,3.374210834503174
30.0,50,32,,0.01,pls,600,0.6135319970797144,nan,3.793445348739624
30.0,50,32,25,0.0001,pod,600,0.6854049477165086,nan,3.7157139778137207
30.0,50,32,25,0.0001,pls,600,0.6559278191170025,nan,3.3565497398376465
30.0,50,32,25,0.001,pod,600,0.6854334358588943,nan,4.005385160446167
30.0,50,32,25,0.001,pls,600,0.6557926793645562,nan,3.1353015899658203
30.0,50,32,25,0.01,pod,600,0.6860323971086413,nan,3.5906126499176025
30.0,50,32,25,0.01,pls,600,0.6562822667171289,nan,2.968834638595581
30.0,50,32,100,0.0001,pod,600,0.6390343225422741,nan,3.917262077331543
30.0,50,32,100,0.0001,pls,600,0.6350629827235785,nan,4.0141026973724365
30.0,50,32,100,0.001,pod,600,0.6386930221633945,nan,3.3041718006134033
30.0,50,32,100,0.001,pls,600,0.6343879695614502,nan,3.618603229522705
30.0,50,32,100,0.01,pod,600,0.6363898465181362,nan,3.5030014514923096
30.0,50,32,100,0.01,pls,600,0.6305599960670978,nan,3.548083782196045
30.0,50,64,,0.0001,pod,600,0.6451981111851662,nan,4.596471548080444
30.0,50,64,,0.0001,pls,600,0.6451981111851662,nan,4.445668697357178
30.0,50,64,,0.001,pod,600,0.6246115417631352,nan,4.524411201477051
30.0,50,64,,0.001,pls,600,0.6246115417631353,nan,4.346919059753418
30.0,50,64,,0.01,pod,600,0.6192963068543764,nan,4.170882225036621
30.0,50,64,,0.01,pls,600,0.6192963068543764,nan,4.637008428573608
30.0,50,64,25,0.0001,pod,600,0.6861381414106132,nan,4.5231359004974365
30.0,50,64,25,0.0001,pls,600,0.6546916093540961,nan,3.723695993423462
30.0,50,64,25,0.001,pod,600,0.68615896681212,nan,4.274237871170044
30.0,50,64,25,0.001,pls,600,0.6545892224606602,nan,3.7108500003814697
30.0,50,64,25,0.01,pod,600,0.6866896798098626,nan,4.351732492446899
30.0,50,64,25,0.01,pls,600,0.6552084751577707,nan,4.15865159034729
30.0,50,64,100,0.0001,pod,600,0.6422811341834134,nan,4.270362377166748
30.0,50,64,100,0.0001,pls,600,0.6389678287692223,nan,4.582598924636841
30.0,50,64,100,0.001,pod,600,0.6418902587572798,nan,4.5482401847839355
30.0,50,64,100,0.001,pls,600,0.6378340658959448,nan,4.173293352127075
30.0,50,64,100,0.01,pod,600,0.6391711904325281,nan,4.108497619628906
30.0,50,64,100,0.01,pls,600,0.6323657066896435,nan,4.554895639419556
30.0,50,128,,0.0001,pod,600,0.6564701457016551,nan,5.656566858291626
30.0,50,128,,0.0001,pls,600,0.6564701457016558,nan,6.05441689491272
30.0,50,128,,0.001,pod,600,0.63293607032441,nan,6.043599367141724
30.0,50,128,,0.001,pls,600,0.6329360703244103,nan,6.261007070541382
30.0,50,128,,0.01,pod,600,0.6250801484412628,nan,6.374959707260132
30.0,50,128,,0.01,pls,600,0.6250801484412629,nan,6.786283731460571
30.0,50,128,25,0.0001,pod,600,0.6870332275367731,nan,6.188405513763428
30.0,50,128,25,0.0001,pls,600,0.6504153887866472,nan,5.666024446487427
30.0,50,128,25,0.001,pod,600,0.6870458311349233,nan,6.245337009429932
30.0,50,128,25,0.001,pls,600,0.650258219163635,nan,6.001615762710571
30.0,50,128,25,0.01,pod,600,0.6875034140757377,nan,6.23124098777771
30.0,50,128,25,0.01,pls,600,0.6506105083674196,nan,5.8133838176727295
30.0,50,128,100,0.0001,pod,600,0.6458101723846061,nan,6.386821269989014
30.0,50,128,100,0.0001,pls,600,0.6406380207329553,nan,5.85557222366333
30.0,50,128,100,0.001,pod,600,0.6453684749908695,nan,6.239269018173218
30.0,50,128,100,0.001,pls,600,0.6378928728421408,nan,5.5616114139556885
30.0,50,128,100,0.01,pod,600,0.6422219429410644,nan,6.28369665145874
30.0,50,128,100,0.01,pls,600,0.6311894056871167,nan,5.495527267456055
30.0,100,2,,0.0001,pod,1200,0.6483629560093062,nan,4.289691925048828
30.0,100,2,,0.0001,pls,1200,0.648362956009305,nan,4.178327560424805
30.0,100,2,,0.001,pod,1200,0.6462736604324889,nan,4.084264039993286
30.0,100,2,,0.001,pls,1200,0.6462736604324881,nan,4.647310972213745
30.0,100,2,,0.01,pod,1200,0.6504167923968743,nan,4.188033103942871
30.0,100,2,,0.01,pls,1200,0.650416792396874,nan,4.361320495605469
30.0,100,2,25,0.0001,pod,1200,0.7567051851261976,nan,4.042670726776123
30.0,100,2,25,0.0001,pls,1200,0.7229387290274757,nan,3.8714988231658936
30.0,100,2,25,0.001,pod,1200,0.7565732571047795,nan,3.6670422554016113
30.0,100,2,25,0.001,pls,1200,0.7228433768324023,nan,4.0870466232299805
30.0,100,2,25,0.01,pod,1200,0.7557650278509634,nan,3.8673295974731445
30.0,100,2,25,0.01,pls,1200,0.7225182746884999,nan,4.089357137680054
30.0,100,2,100,0.0001,pod,1200,0.6671635119044108,nan,3.968984603881836
30.0,100,2,100,0.0001,pls,1200,0.6643067543570846,nan,3.841722249984741
30.0,100,2,100,0.001,pod,1200,0.6671618223184272,nan,3.829148292541504
30.0,100,2,100,0.001,pls,1200,0.6642965419120705,nan,4.049253702163696
30.0,100,2,100,0.01,pod,1200,0.6675016593435832,nan,3.8082919120788574
30.0,100,2,100,0.01,pls,1200,0.6645916353410374,nan,3.9867758750915527
30.0,100,4,,0.0001,pod,1200,0.6481757104479672,nan,4.102287530899048
30.0,100,4,,0.0001,pls,1200,0.6481757104479663,nan,4.01809024810791
30.0,100,4,,0.001,pod,1200,0.6333677231763296,nan,4.615442276000977
30.0,100,4,,0.001,pls,1200,0.6333677231763287,nan,4.207559585571289
30.0,100,4,,0.01,pod,1200,0.63251769024771,nan,4.418411731719971
30.0,100,4,,0.01,pls,1200,0.6325176902477095,nan,4.484127521514893
30.0,100,4,25,0.0001,pod,1200,0.7561130002683767,nan,3.9299135208129883
30.0,100,4,25,0.0001,pls,1200,0.7034697541964549,nan,4.031453371047974
30.0,100,4,25,0.001,pod,1200,0.7559643690534377,nan,3.996511936187744
30.0,100,4,25,0.001,pls,1200,0.7033742434109582,nan,4.372914552688599
30.0,100,4,25,0.01,pod,1200,0.7550075257991061,nan,4.480247735977173
30.0,100,4,25,0.01,pls,1200,0.7034985558860971,nan,4.286794424057007
30.0,100,4,100,0.0001,pod,1200,0.6586517617944783,nan,3.860032081604004
30.0,100,4,100,0.0001,pls,1200,0.6485204369536699,nan,4.117302179336548
30.0,100,4,100,0.001,pod,1200,0.6586098546677452,nan,3.8516485691070557
30.0,100,4,100,0.001,pls,1200,0.6484618298916933,nan,3.989699602127075
30.0,100,4,100,0.01,pod,1200,0.6586752888790818,nan,4.081295967102051
30.0,100,4,100,0.01,pls,1200,0.6485828308781854,nan,3.937955856323242
30.0,100,8,,0.0001,pod,1200,0.667159884322782,nan,4.18015456199646
30.0,100,8,,0.0001,pls,1200,0.6671598843227822,nan,4.519052028656006
30.0,100,8,,0.001,pod,1200,0.6364440393525631,nan,4.377079248428345
30.0,100,8,,0.001,pls,1200,0.636444039352563,nan,4.6136229038238525
30.0,100,8,,0.01,pod,1200,0.6296128767422816,nan,4.191582918167114
30.0,100,8,,0.01,pls,1200,0.6296128767422815,nan,4.213707685470581
30.0,100,8,25,0.0001,pod,1200,0.7556725037296093,nan,4.370536804199219
30.0,100,8,25,0.0001,pls,1200,0.7041519313866046,nan,4.091897010803223
30.0,100,8,25,0.001,pod,1200,0.7555132744278844,nan,4.2907915115356445
30.0,100,8,25,0.001,pls,1200,0.7038495515572089,nan,4.153051853179932
30.0,100,8,25,0.01,pod,1200,0.7544654120237559,nan,3.8145177364349365
30.0,100,8,25,0.01,pls,1200,0.7026553541389264,nan,4.251151084899902
30.0,100,8,100,0.0001,pod,1200,0.658730979365812,nan,4.531114339828491
30.0,100,8,100,0.0001,pls,1200,0.6488790093946135,nan,3.7759218215942383
30.0,100,8,100,0.001,pod,1200,0.6585769584282816,nan,4.845581531524658
30.0,100,8,100,0.001,pls,1200,0.6486100327745494,nan,4.691667556762695
30.0,100,8,100,0.01,pod,1200,0.6577281371717231,nan,4.17842960357666
30.0,100,8,100,0.01,pls,1200,0.6471435536404603,nan,3.735635995864868
30.0,100,16,,0.0001,pod,1200,0.6954307750008681,nan,4.8043622970581055
30.0,100,16,,0.0001,pls,1200,0.6954307750008671,nan,4.5599119663238525
30.0,100,16,,0.001,pod,1200,0.6542038889462005,nan,4.79703426361084
30.0,100,16,,0.001,pls,1200,0.6542038889461995,nan,4.652665376663208
30.0,100,16,,0.01,pod,1200,0.6411079903356014,nan,4.1337244510650635
30.0,100,16,,0.01,pls,1200,0.6411079903356008,nan,4.753676652908325
30.0,100,16,25,0.0001,pod,1200,0.7566340781951529,nan,4.297608137130737
30.0,100,16,25,0.0001,pls,1200,0.7002320232268016,nan,4.488018989562988
30.0,100,16,25,0.001,pod,1200,0.7564567306775976,nan,4.330353736877441
30.0,100,16,25,0.001,pls,1200,0.6998314288913359,nan,4.067282199859619
30.0,100,16,25,0.01,pod,1200,0.7552483207684944,nan,4.014666557312012
30.0,100,16,25,0.01,pls,1200,0.6987051866274616,nan,4.594175577163696
30.0,100,16,100,0.0001,pod,1200,0.6651938719149131,nan,4.623850107192993
30.0,100,16,100,0.0001,pls,1200,0.6513971602256806,nan,4.936886787414551
30.0,100,16,100,0.001,pod,1200,0.6649190812945592,nan,4.4717347621917725
30.0,100,16,100,0.001,pls,1200,0.6508651925622737,nan,4.204253673553467
30.0,100,16,100,0.01,pod,1200,0.6630478570479352,nan,4.376645803451538
30.0,100,16,100,0.01,pls,1200,0.6476994108498574,nan,4.277458429336548
30.0,100,32,,0.0001,pod,1200,0.7218349908716316,nan,5.12394380569458
30.0,100,32,,0.0001,pls,1200,0.7218349908716303,nan,5.271641969680786
30.0,100,32,,0.001,pod,1200,0.6710491492532809,nan,4.7235376834869385
30.0,100,32,,0.001,pls,1200,0.6710491492532803,nan,4.695758819580078
30.0,100,32,,0.01,pod,1200,0.6522096961707263,nan,4.867583274841309
30.0,100,32,,0.01,pls,1200,0.652209696170726,nan,5.013288497924805
30.0,100,32,25,0.0001,pod,1200,0.7573133873682248,nan,5.01483154296875
30.0,100,32,25,0.0001,pls,1200,0.7037010158226085,nan,3.0646584033966064
30.0,100,32,25,0.001,pod,1200,0.7571243134700947,nan,4.611846446990967
30.0,100,32,25,0.001,pls,1200,0.7033489477698959,nan,3.3116393089294434
30.0,100,32,25,0.01,pod,1200,0.7558117219266929,nan,4.6620237827301025
30.0,100,32,25,0.01,pls,1200,0.7026381633523278,nan,3.423049211502075
30.0,100,32,100,0.0001,pod,1200,0.6695214184971674,nan,5.092527151107788
30.0,100,32,100,0.0001,pls,1200,0.6580604972408002,nan,4.74593710899353
30.0,100,32,100,0.001,pod,1200,0.6691709358313752,nan,4.4834816455841064
30.0,100,32,100,0.001,pls,1200,0.657232756121109,nan,4.6792073249816895
30.0,100,32,100,0.01,pod,1200,0.6666585567976412,nan,4.341421604156494
30.0,100,32,100,0.01,pls,1200,0.652242626316388,nan,4.532615661621094
30.0,100,64,,0.0001,pod,1200,0.7455434117072017,nan,5.216681241989136
30.0,100,64,,0.0001,pls,1200,0.7455434117072012,nan,5.768031597137451
30.0,100,64,,0.001,pod,1200,0.6880026902944754,nan,5.410850286483765
30.0,100,64,,0.001,pls,1200,0.6880026902944751,nan,5.624796152114868
30.0,100,64,,0.01,pod,1200,0.6641764985284148,nan,5.199977874755859
30.0,100,64,,0.01,pls,1200,0.6641764985284145,nan,5.703344345092773
30.0,100,64,25,0.0001,pod,1200,0.7584341714744396,nan,4.99491810798645
30.0,100,64,25,0.0001,pls,1200,0.6969026003441485,nan,3.8489623069763184
30.0,100,64,25,0.001,pod,1200,0.7582336441087988,nan,5.078126668930054
30.0,100,64,25,0.001,pls,1200,0.6965407611721118,nan,4.0730063915252686
30.0,100,64,25,0.01,pod,1200,0.7568188469073799,nan,5.419311761856079
30.0,100,64,25,0.01,pls,1200,0.6958765678336094,nan,3.9989404678344727
30.0,100,64,100,0.0001,pod,1200,0.6742622658866305,nan,5.532292604446411
30.0,100,64,100,0.0001,pls,1200,0.6689403184701282,nan,5.115227937698364
30.0,100,64,100,0.001,pod,1200,0.6738352739730862,nan,5.630976915359497
30.0,100,64,100,0.001,pls,1200,0.6674188865303077,nan,5.510523796081543
30.0,100,64,100,0.01,pod,1200,0.6706778854277228,nan,5.701109409332275
30.0,100,64,100,0.01,pls,1200,0.6589733938053594,nan,5.526856422424316
30.0,100,128,,0.0001,pod,1200,0.7730198940555555,nan,7.262167692184448
30.0,100,128,,0.0001,pls,1200,0.773019894055555,nan,7.258153200149536
30.0,100,128,,0.001,pod,1200,0.7066405984677709,nan,6.931846618652344
30.0,100,128,,0.001,pls,1200,0.7066405984677704,nan,7.096388339996338
30.0,100,128,,0.01,pod,1200,0.6766916721253933,nan,7.212220668792725
30.0,100,128,,0.01,pls,1200,0.6766916721253928,nan,6.990192890167236
30.0,100,128,25,0.0001,pod,1200,0.7595683148629238,nan,6.7964184284210205
30.0,100,128,25,0.0001,pls,1200,0.6945869786109512,nan,5.3762452602386475
30.0,100,128,25,0.001,pod,1200,0.759357423279645,nan,6.7877702713012695
30.0,100,128,25,0.001,pls,1200,0.694116825732301,nan,5.574563980102539
30.0,100,128,25,0.01,pod,1200,0.757849983426093,nan,6.922128915786743
30.0,100,128,25,0.01,pls,1200,0.6928134010750111,nan,5.700847864151001
30.0,100,128,100,0.0001,pod,1200,0.6790792594120467,nan,6.8892786502838135
30.0,100,128,100,0.0001,pls,1200,0.6790324793156106,nan,5.561747789382935
30.0,100,128,100,0.001,pod,1200,0.6785802396968653,nan,7.165027379989624
30.0,100,128,100,0.001,pls,1200,0.6761333519715955,nan,5.587949275970459
30.0,100,128,100,0.01,pod,1200,0.6748111893993098,nan,7.0005104541778564
30.0,100,128,100,0.01,pls,1200,0.6612908549893767,nan,5.589200973510742
